"","year","region","business","rights","marriage","religion","human","literature","cancer","health","tourism","rape","arts","sports","combat","fashion","politics","n"
"1",1980,"Africa",0.157422217859447,0.143425499803884,0.0440566811455989,0.044494644526118,0.0905024864542882,0.00633166817346718,0.0034398414037913,0.0399954610504128,0.107530327109172,0.0525034303438169,0.0383122258508383,0.011720205802359,0.0210596421936944,0.146383990367211,0.0928216779159014,3
"2",1980,"Asia",0.121939293657071,0.0875943865573682,0.124832669819986,0.0141175342410739,0.0768364625694671,0.0325306936717493,0.00223466005355968,0.0328262183251349,0.148001229421939,0.0554987510608079,0.0586060182872288,0.05700464946415,0.0272320150286581,0.0546919824731652,0.106053435368641,16
"3",1980,"EECA",0.0604253225359984,0.143546690850174,0.103165575802747,0.0546763949987822,0.111777907646538,0.160255300718409,0.0254524050557639,0.0163965032767843,0.0538845356473318,0.0454805718531797,0.0154083172084683,0.00766729390312518,0.0345889266015405,0.00459828411366414,0.162675969787494,6
"4",1980,"LA",0.0421366309972449,0.105740563525557,0.0632598243352528,0.0432188913825887,0.105021633458775,0.0197639880919218,0.00666192108769312,0.0707600976139443,0.0525848302722692,0.0755498549146945,0.0297267611833811,0.0100516782311889,0.0884616458677809,0.0330755582599474,0.253986120777761,10
"5",1980,"MENA",0.0409692288617324,0.12654749234183,0.0242305186153187,0.12974013862643,0.0832267800932142,0.0116889793485171,0.00146615695810382,0.0406808953416174,0.0127302177066953,0.0211232911706001,0.0103543170920118,0.00290261278932252,0.156739840583424,0.0177063293032569,0.319893201167926,16
"6",1980,"West",0.06306107032135,0.110979945577468,0.0527231630516476,0.043907435518333,0.133596757711818,0.205691070002705,0.0543722530772146,0.0292702833467403,0.0249904972400605,0.0173141608990596,0.0551482334146708,0.0517641573297238,0.0175437710915159,0.0223618735627452,0.117275327854948,23
"7",1981,"Africa",0.115448185372297,0.439166775939583,0.208883046319513,0.0203143377314831,0.0691830022941622,0.00642788627020241,0.00189045221710192,0.0629727545051102,0.00747241180894725,0.0268036932653554,0.00173518305272301,0.000532676116272009,0.00365164536072771,0.00263761224247771,0.0328803375040442,1
"8",1981,"Asia",0.0787571958639258,0.085853929220065,0.0712278959994255,0.0271747159586863,0.0770697888457154,0.251525150815334,0.0579490474961958,0.0408501444955238,0.0172571658976337,0.0422367594633298,0.107852302760497,0.0561623735750815,0.0107989504013156,0.0363749101728721,0.0389096690343992,19
"9",1981,"EECA",0.113186818388969,0.0927782159344538,0.0776599278608291,0.0503656303692642,0.115236551109309,0.0836142086774867,0.00275270796283802,0.0312562785523247,0.0522696400152898,0.00602157530938993,0.0794918911572239,0.089282588460519,0.0143562826607344,0.0112319685755086,0.18049571496586,10
"10",1981,"LA",0.127373705823667,0.0858130748878237,0.0576557554004058,0.0367911916272885,0.0489838131760148,0.0599633329592391,0.00548282161255383,0.0783211690272613,0.0458922627616738,0.154190682881301,0.063379366437393,0.00604376898046074,0.0636443797272514,0.0298967690509661,0.136567905646699,5
"11",1981,"MENA",0.0300200918588189,0.127451224740103,0.0638987424130302,0.05360076839143,0.133855813125369,0.00872091663277745,0.079077059030777,0.0188570947435515,0.0271913250406255,0.0718504601050785,0.0420769234162354,0.0929281315531751,0.129722929586758,0.0360082412475122,0.084740278114758,9
"12",1981,"West",0.0457660444799479,0.103923264312381,0.0378192702262747,0.0489028807220589,0.0817729354238481,0.0655963923623703,0.0968088767966571,0.0159628933932005,0.0493853469930904,0.0650289221587685,0.061208366482101,0.0957533464493992,0.0392490655219305,0.0400920367766698,0.152730357901302,37
"13",1982,"Africa",0.0204892143124989,0.439478984916839,0.0721891999597554,0.115902237047956,0.0284733717915379,0.0215351320075259,0.00237897582652705,0.0638019231419989,0.0229312860879072,0.0436833473790769,0.0959647431525383,0.000704926057473675,0.0185112341145125,0.00437828330710758,0.0495771408967459,2
"14",1982,"Asia",0.112622517949754,0.0620046615760439,0.102734562008232,0.00308512410522298,0.109951395131268,0.0348208884187953,0.0510154048564636,0.0694899613167515,0.106839176864136,0.00636765912635053,0.0448749799010757,0.00831270898551708,0.00689594590463429,0.264003947918239,0.0169810659375162,17
"15",1982,"EECA",0.0176041261661441,0.0377097158091948,0.0253226277804572,0.0246809957412033,0.0568137594026944,0.241269656981255,0.00310863070512765,0.00987575890905213,0.0313885810513462,0.0883382282624498,0.0130153507355134,0.00742599159927314,0.158430988171318,0.0044135044387285,0.280602084246242,5
"16",1982,"LA",0.121166787653961,0.0639559732028638,0.0905504496685237,0.072056289522304,0.0353419680635091,0.0210188300316645,0.00227686962211335,0.0692278485049233,0.0478651220352621,0.0525696898162121,0.114868020696077,0.11576220357219,0.0253165629669158,0.0178275988557449,0.150195785787735,9
"17",1982,"MENA",0.0635799732417125,0.191371430038643,0.051806424170571,0.102261978902399,0.0956716409230774,0.0183230545897375,0.00713503608499786,0.0512019376124441,0.044083203588336,0.0685469387081552,0.00647933133204949,0.00117094460268185,0.153695203115879,0.0338927205121645,0.110780182577152,14
"18",1982,"West",0.0975948059630267,0.0698382440666259,0.048661588070788,0.0147783596548019,0.0986025206248263,0.0479053001446316,0.114294737120671,0.0169023805763688,0.0150445876344276,0.0280061905087598,0.114584895432364,0.0734081749771016,0.00827338362309406,0.185038719446987,0.067066112155525,29
"19",1983,"Africa",0.00914584211471611,0.0513612784817606,0.0753467292205468,0.0382130059556262,0.110367169429423,0.0189632134031442,0.00404153152322463,0.0392021138780975,0.0361264714188677,0.149103515472579,0.150443539549864,0.148097877747371,0.00625703483779436,0.0615407655125128,0.101789911454471,6
"20",1983,"Asia",0.201380982055247,0.163393722569701,0.132880051019081,0.0482443104326823,0.0896268300622751,0.0162334815460782,0.00539256044110346,0.0507834842445654,0.0241745704733149,0.0693985476745882,0.0110743926357831,0.0147921400338986,0.0559655455635694,0.00537450360362468,0.111284877644488,12
"21",1983,"EECA",0.028088078833986,0.0191337194364737,0.207900371471958,0.0368131588862899,0.0642027073154189,0.0940422503913265,0.0152578891572041,0.173241452593709,0.0125375031569354,0.0948028078536854,0.0161797320109954,0.00250966410334237,0.179453933506378,0.00252851145829028,0.0533082198240074,4
"22",1983,"LA",0.0306490213436492,0.111486235735205,0.0336887598270401,0.018659225519054,0.170093108812241,0.0622013297778723,0.00197383738227521,0.0244692294987095,0.184151278259457,0.0723695173113649,0.0240225501767874,0.0370915470321907,0.0746711412611314,0.0437131180319737,0.110760100031049,7
"23",1983,"MENA",0.015825744029183,0.0471526242045136,0.0165347193195559,0.0845398835289436,0.114081367691342,0.116210710532538,0.00243756073971675,0.0371334471545411,0.0472073683086799,0.0185633832149464,0.113193667095623,0.0414061456513068,0.0733751206889114,0.0128932224070776,0.259445035433121,4
"24",1983,"West",0.0327941607613461,0.0787368066518592,0.0457791737149763,0.0348128631825582,0.0960798386529924,0.0842316663673627,0.0617055172755887,0.0104406487797459,0.0576195644068819,0.0279022512651918,0.0764064879372996,0.0713781109469144,0.0349757191718681,0.183759724938573,0.103377465946842,27
"25",1984,"Africa",0.0209644884581644,0.0908952639053448,0.0242269108226592,0.0792047969313153,0.042798719619259,0.167381274645109,0.00218732055851647,0.0608649453527033,0.0386671167660086,0.0579666328307449,0.00696674892145345,0.00512618232842517,0.00985115338192963,0.158980714477233,0.233917731001134,6
"26",1984,"Asia",0.266099873646705,0.11511432924841,0.101652715631574,0.00170069328368302,0.074975684879056,0.00487368584287245,0.0178980350155971,0.0120098448731614,0.0711783834642446,0.0278883649111829,0.0220720746392215,0.100766528001307,0.00171470414256011,0.0596851052999906,0.122369977120435,9
"27",1984,"EECA",0.0216954564580806,0.137410160860653,0.0550040071946589,0.086613491493592,0.12080525121059,0.0407537928734595,0.00111288061658998,0.0518074642824573,0.0104010029173729,0.0214134714937298,0.247147323462784,0.00112077423099729,0.00695157736534471,0.00230273087105621,0.195460614668634,2
"28",1984,"LA",0.0283650038057363,0.103810292156931,0.119835979732853,0.00747875461440205,0.0361756417657455,0.00534166094786366,0.00903640695805171,0.0702870568379778,0.0310254391694239,0.0583146192548439,0.0282102699118408,0.332899240009532,0.0232134111542066,0.00529604319901233,0.14071018048158,4
"29",1984,"MENA",0.0777514382600016,0.190561059575757,0.01599477506023,0.0368992684149543,0.0822676287080877,0.00627726107453706,0.00952849956463282,0.07620649952743,0.0124904696439665,0.0466504942018034,0.0176216173240037,0.015233749559415,0.05288966762267,0.00372476855638516,0.355902802906126,10
"30",1984,"West",0.0855321577828874,0.111600701521095,0.0292085482204141,0.053877038037879,0.0714306390378434,0.0859732453192569,0.034012332048833,0.030650963039811,0.0158319633051455,0.0328591220398206,0.039268371741782,0.079242423094696,0.0264009184440347,0.128742826210039,0.175368750156463,25
"31",1985,"Africa",0.0472680235295453,0.128395435762677,0.0379360299020929,0.0584757281531391,0.0984557637518668,0.00925802946688623,0.0215343722264227,0.109751439692458,0.0661298922420383,0.0258340239246043,0.0266563023407125,0.00616850320445838,0.0237108243001468,0.00691666147752127,0.333508970025431,52
"32",1985,"Asia",0.130746900935659,0.101914325129357,0.0824675396633177,0.039255717246494,0.12721577527913,0.0570742309119672,0.0580242565167754,0.0570938131131625,0.0419923508136335,0.0321991573136964,0.0450027561864408,0.0771893823365015,0.0324661055302548,0.0320168247480809,0.0853408642755288,23
"33",1985,"EECA",0.0326350020407029,0.106670694125356,0.106644255981088,0.0313452505238855,0.119703995641676,0.0796728811166096,0.00400339079594875,0.0793405598805671,0.0943121584012831,0.00574063881085261,0.06521912919508,0.0125436683353781,0.0202185666755233,0.0237898763156669,0.218159932160382,3
"34",1985,"LA",0.0280195354512685,0.0433695529847189,0.0796980590504492,0.0102868017047786,0.106873818939424,0.207848171158622,0.0812036525294434,0.0137691264440564,0.0130241095107884,0.0458065731677165,0.043850531470005,0.281708100623966,0.0221930518845828,0.00365345274437361,0.0186954623358059,10
"35",1985,"MENA",0.0138669275782708,0.216184596231752,0.070337213792943,0.0738799526671002,0.0576495189211935,0.0337517134955126,0.00314191401928672,0.0276678102051167,0.0825029526680687,0.0190538763934736,0.0163744945063731,0.00271348159806995,0.172100610533733,0.0214896870386611,0.189285250350446,12
"36",1985,"West",0.0639410388063525,0.0996869265497103,0.0427485894054337,0.0461704732617803,0.115023134975467,0.106125908863419,0.0188094440510681,0.0317534500821604,0.0453819503389178,0.0392111886880038,0.0580966536225379,0.132548374393896,0.0284851769477771,0.0588125265336842,0.113205163479791,30
"37",1986,"Africa",0.0397353889678501,0.133891535706701,0.0672740262239544,0.0665970088254806,0.057919032412104,0.0174757272236812,0.0819911997568317,0.0630307678594542,0.0531314764546386,0.0308782438368471,0.0569414783418167,0.00330201203467515,0.0887462381462477,0.0405786328868332,0.198507231322884,15
"38",1986,"Asia",0.087664811933082,0.114767371500122,0.0865618884727298,0.058113653325295,0.106175311258471,0.0673723501073577,0.0223622521093159,0.0274905539699669,0.087651419697597,0.0497831139711271,0.0428435136899108,0.0057929816563554,0.0564446740130823,0.0154763081226852,0.171499796172902,14
"39",1986,"EECA",0.0498618445407697,0.0356920623957323,0.102465377705672,0.100211020883136,0.145401066538905,0.0226861054956461,0.186687763074448,0.0593070510307156,0.174667864597358,0.00346467201394622,0.00605282406208019,0.00243522884380803,0.00889021532874026,0.0153483455658077,0.0868285579232345,4
"40",1986,"LA",0.0406395016907308,0.130195846287789,0.0800249106297543,0.0940335256447353,0.14119442810699,0.0404559362722084,0.00198920515403298,0.0363446235258654,0.0175331175842,0.00996628947361983,0.0649088874895704,0.0109092417273523,0.0341681613346915,0.101513700951191,0.196122624127269,8
"41",1986,"MENA",0.0465366120166205,0.186392229293681,0.07224409417138,0.0484293633940235,0.12835008334805,0.0468869144984248,0.00428693973869549,0.0548453886182266,0.104102225269939,0.00525566002670153,0.14270699869,0.00888588236161609,0.0477325180959939,0.0364679844918163,0.0668771059848314,8
"42",1986,"West",0.0800135809250129,0.107921724936588,0.041812088236117,0.0387540620012222,0.0843586771180665,0.128038481473952,0.150608110719487,0.0426849560608031,0.0164288609297203,0.0174395402596125,0.0379176267735096,0.0594143286524247,0.0217780798045935,0.0665024034544692,0.106327478654421,36
"43",1987,"Africa",0.0359551221912265,0.110604861082146,0.191746879252605,0.076132931180987,0.044077429082506,0.026609357995005,0.0302490391600174,0.153708000537154,0.097592765010237,0.087271654374995,0.0491973222539703,0.000901537575089054,0.0129558562066767,0.014245528850944,0.0687517152464405,10
"44",1987,"Asia",0.110166009371611,0.0769495066173017,0.128400561929966,0.0303809502989225,0.0720219676876112,0.207407125240204,0.0382010557418975,0.04282081875528,0.042138934638296,0.0323756689108559,0.0652777965115292,0.00364431357985804,0.0285637361847553,0.016004211063447,0.105647343468465,21
"45",1987,"EECA",0.154415335785928,0.0223442646834989,0.00584530383586232,0.00697008089321988,0.046951636975256,0.0699529775320063,0.00269279870257282,0.0333223139819748,0.0914747542344933,0.00183511277232006,0.0566405570404049,0.00328410828604447,0.00487945088137737,0.413034362572214,0.0863569418228268,1
"46",1987,"LA",0.0168802223811699,0.0404891524011729,0.0352137607917162,0.0287872053050251,0.0622770960229949,0.018049242601342,0.0687739236496831,0.0209239040428402,0.0513589581153011,0.0256095189692803,0.14105661650862,0.390077519228722,0.0219553927954591,0.00378837724459205,0.0747591099420816,10
"47",1987,"MENA",0.0413358064160906,0.132645513494965,0.0616037420464165,0.119245746915673,0.137546413451128,0.10804594212709,0.00860588505982812,0.0548010588624647,0.0380754906936256,0.0383742802530265,0.0349715743491352,0.00997883315681126,0.0389232494579297,0.00584123338841171,0.170005230327404,9
"48",1987,"West",0.0792989872565343,0.0948478353224601,0.0263867361885127,0.0404136711258411,0.0982124873719605,0.167749818591985,0.00880250226546617,0.0253265346848825,0.0402009181473647,0.015970294781623,0.0891506710442947,0.123697317430901,0.00699998649769693,0.0433765281802511,0.139565711110226,28
"49",1988,"Africa",0.0607193339195563,0.0593689511785114,0.158530746721991,0.0871927529080418,0.10945216850636,0.0180117982931648,0.0142625319227077,0.132410209915857,0.104642360915523,0.0153826388840477,0.106699868672644,0.00429788477223755,0.0671458020629779,0.00981683870833799,0.0520661126180406,7
"50",1988,"Asia",0.134618472281821,0.108383200789454,0.0813368600454527,0.0392837964579616,0.0894367759451209,0.0524583477481753,0.0163023043277166,0.0721550974920297,0.078312306808287,0.0654430987927056,0.0397163061231544,0.0620080539571991,0.0338354948257478,0.020683594878333,0.106026289526841,34
"51",1988,"EECA",0.216791218058329,0.0472824504843533,0.124710060199992,0.0480240152324398,0.1421919265135,0.00551599730518681,0.0026788193096154,0.171978307122531,0.10163151162652,0.00476340237722605,0.0032103091834437,0.00267109747777869,0.00555881341868356,0.0021151763027309,0.12087689538767,1
"52",1988,"LA",0.125572337682413,0.161907633709734,0.0178618890459019,0.0309999305147492,0.0624043755068959,0.0676996083666274,0.0892069993373708,0.10276118280496,0.00947060672191193,0.0468532166923007,0.0348754770148511,0.00256276468146335,0.0739836023440224,0.00330619286470033,0.170534182712098,4
"53",1988,"MENA",0.00789701216429662,0.0957643532915339,0.086762932578031,0.226649634118296,0.0928393249871812,0.0956191055004984,0.000838852217288734,0.0139204898649583,0.00483665262266746,0.116983115638132,0.0140768297073287,0.00353361580708895,0.158573101099677,0.00221922067427337,0.0794857597287489,9
"54",1988,"West",0.0617420447488734,0.0641706864331314,0.0398530982187882,0.0354656334224504,0.0925570584336285,0.0622778573298308,0.124710213213214,0.0664958724151132,0.0758580601506063,0.0333494602159179,0.116483930867493,0.0603858546363095,0.00813621821591392,0.0681961159194459,0.0903178957792842,32
"55",1989,"Africa",0.0564264628579427,0.0900257777811578,0.0986531376633857,0.119476586450488,0.0595489079670727,0.0169272776740577,0.173631348252253,0.0723176568925999,0.0790700870936787,0.112866236901635,0.0027857124448916,0.00141493639809746,0.0326372862223341,0.00563910067249834,0.0785794847279076,8
"56",1989,"Asia",0.0601186291198974,0.0918033772004924,0.0850245332959506,0.0464406676154418,0.118743511983815,0.0978229963548958,0.00277932720504086,0.0365762669246977,0.0408810598946606,0.0612183852561459,0.104128284344413,0.0346635627627053,0.0142429306523392,0.0237250149282743,0.181831452461231,31
"57",1989,"EECA",0.0858286158566468,0.0511504155521293,0.132295271133187,0.0644872390312894,0.126982403000794,0.108044553629997,0.0378227188985032,0.112109362879743,0.0471211576902823,0.0347430386219114,0.0260766772863063,0.0293748104787937,0.041509027991442,0.00701789945590525,0.0954368084930697,7
"58",1989,"LA",0.0765788736754336,0.048291462222013,0.031616337606608,0.00975173782027115,0.134324153814145,0.0502724924513606,0.0134734243699352,0.22110957710174,0.00821062459318009,0.0079295518651172,0.117076477576885,0.253695564756393,0.0107939951966217,0.00227650203219904,0.0145992249180978,4
"59",1989,"MENA",0.0591043934974667,0.177953707481299,0.062467586945929,0.107021312570174,0.0611204905540002,0.012256645687397,0.0104791549835871,0.027275985777062,0.0586746254313527,0.0353711940981462,0.0665133443366481,0.137546591756555,0.0353731115447647,0.0271158864359641,0.121725968899654,7
"60",1989,"West",0.0856185529650556,0.0553393835610758,0.0497249981479692,0.020295558055454,0.082999450226203,0.0760809088934652,0.133902466152173,0.025926817324339,0.0773088806312754,0.0455306616776097,0.0373664813968176,0.124243720366148,0.0480435483455806,0.0793918507059771,0.0582267215508559,35
"61",1990,"Africa",0.00447173884266057,0.0904356476813266,0.333672888257081,0.0397218364736439,0.135556860834376,0.0444087043219256,0.087940327350203,0.0448043423629186,0.0927450312064214,0.0349154670353544,0.0221120205339578,0.00544808537840162,0.0130025842123507,0.0152099518981667,0.0355545136112119,6
"62",1990,"Asia",0.0750137085603678,0.0705003166112468,0.0991762033329117,0.028363735117058,0.0835323689001762,0.0546534124592073,0.0057897357446107,0.0839999285628164,0.0439362966725747,0.027169803716205,0.0353143379338466,0.123866788618113,0.0677109669392646,0.0583283910401348,0.142644005791466,27
"63",1990,"EECA",0.051203325361218,0.109412801544892,0.104436830861237,0.0421811271491914,0.0959339676911609,0.0729812220224567,0.0204256730104801,0.265782630557335,0.0560185517073192,0.0341060625566272,0.0925061660976475,0.00241794248810213,0.0144199948719797,0.00740014901186309,0.0307735550684901,8
"64",1990,"LA",0.0489805280973067,0.0709275389830552,0.0489377674410418,0.0186210346015303,0.122620029108879,0.10052705450616,0.0215560424900892,0.108236794191192,0.0330599628906494,0.0150225671205888,0.13619789937218,0.00988380762081096,0.0273989092578015,0.061060208044495,0.17696985627422,8
"65",1990,"MENA",0.026453554410619,0.162493624269566,0.0563326618891242,0.158023107765304,0.103759139943223,0.0438832146315414,0.00543388993285183,0.0286759723131832,0.0505618734189923,0.0343820278054831,0.0801944248935906,0.00304126652588691,0.0874705763384006,0.016466892210357,0.142827773651877,13
"66",1990,"West",0.07168708528111,0.0880768667930622,0.0312257660366444,0.0520902181601527,0.098863754503509,0.116211674934281,0.0498003860319225,0.0722354978689181,0.0316852875183202,0.0186813689199432,0.01636618803368,0.0913860091294137,0.0157046165570493,0.0593623815068111,0.186622898725183,26
"67",1991,"Africa",0.0205251992106232,0.117232513371425,0.100476215244363,0.0858733382694587,0.131965967607406,0.0680332714860472,0.00427783118284868,0.0592081151729828,0.0317566904871572,0.127257019739741,0.0305934495344859,0.102109135940883,0.0581258981104107,0.0110347863914818,0.0515305682506857,6
"68",1991,"Asia",0.120810787700738,0.0800057936507294,0.114733348275996,0.0301944120915703,0.0954234856519026,0.0776679897393984,0.0177690617922826,0.0500830233028823,0.0976608810311345,0.027404493002997,0.0662566219913141,0.023785150083023,0.0237668327608384,0.0640900235988398,0.110348095326354,26
"69",1991,"EECA",0.0142506834396259,0.0336983086583669,0.0172671405325602,0.0216412632541049,0.0674202375584318,0.0127336013874758,0.0641765134593515,0.219324811976453,0.010648635265554,0.0101570487271993,0.216777782809133,0.23608341824164,0.00832107198342224,0.0107462243500258,0.0567532583566557,5
"70",1991,"LA",0.0212015386098248,0.0602182087251394,0.0672262567524243,0.0326666669895256,0.0638409851704557,0.00723297498871316,0.0179536937111807,0.182946470506006,0.192097299398677,0.241748092544695,0.00655554971994266,0.00262440567131337,0.0655421766799391,0.0247945803408216,0.0133511001913408,4
"71",1991,"MENA",0.0279956276727148,0.0900447401995896,0.0457035374918573,0.127529285591468,0.0921134486166715,0.0231068961353371,0.0268231365551725,0.0719748737325637,0.0460610242597144,0.0451112564431699,0.0146182965574146,0.0154406643200133,0.186669643490946,0.043752178680857,0.143055390252511,13
"72",1991,"West",0.0638386530712587,0.0730808620245302,0.0305924792427183,0.0091469901272434,0.0825296153466882,0.0726373869745007,0.147577085914033,0.0484845171677311,0.0237596685349253,0.0526922832514805,0.0385671654991949,0.0929803640492924,0.0320927517741534,0.0871677457280999,0.14485243129415,26
"73",1992,"Africa",0.0238362016498422,0.0533337950631423,0.105478396617355,0.0626419663182427,0.115038546915469,0.132566396835609,0.0124512771564917,0.161191220518983,0.0330304284673099,0.0107883132492616,0.014947963148823,0.220781164375568,0.0155641819733162,0.00946509454402006,0.028885053166566,6
"74",1992,"Asia",0.190625746481665,0.128472731145346,0.0600012386230981,0.0145145257760985,0.0765520486271439,0.0155664808028495,0.0207136006995594,0.0495998273303733,0.0686479179886393,0.208572934050633,0.0243967517194372,0.0070535063083956,0.0775519728153881,0.0229082170642425,0.0348225005671299,23
"75",1992,"EECA",0.15045464458169,0.120370142225631,0.0679541096323757,0.105109497961561,0.0871892201272972,0.0668440612150225,0.0151238658700817,0.051475293718308,0.0356291553755956,0.0875781536140617,0.0158476638850408,0.0214289322511861,0.0965971879252402,0.00563491397647002,0.0727631576404378,8
"76",1992,"LA",0.0383604368493082,0.0783793117573567,0.093456500729229,0.0379744493532491,0.0640002223122684,0.0730509687503297,0.0134626981599272,0.159287171220745,0.125568043447829,0.0741878860140106,0.114965467694854,0.00359965615742686,0.0670893491197126,0.0134414172665965,0.0431764211671576,6
"77",1992,"MENA",0.0362997677400673,0.137551145555908,0.118586295190897,0.0554913591679195,0.0830406510708439,0.0246975804646392,0.0588962326236339,0.0835278783140897,0.0181046265842714,0.143999395424035,0.0341865296576901,0.00272013358587319,0.0958044656224603,0.00757340299269675,0.0995205360049753,6
"78",1992,"West",0.0448167710678279,0.136760346099294,0.0345577820291522,0.0312004078656959,0.0722692936646677,0.0413509369680078,0.116417955818319,0.076077927691799,0.0306500138988741,0.0772631600058645,0.0488502757844545,0.13468852524578,0.011453490274354,0.0410217560786144,0.102621357507295,39
"79",1993,"Africa",0.0297530642752418,0.058549701175987,0.164818903411479,0.0788881231754128,0.10223577077138,0.0333849061778112,0.0106521713962728,0.0491741824810229,0.0209786588359408,0.0437714428328925,0.0393161057704752,0.130354150275748,0.156864901873378,0.00578733502288142,0.0754705825240772,6
"80",1993,"Asia",0.0966845264361488,0.0948600182225878,0.107384755546336,0.0219876744465544,0.143719638131208,0.0597055111516278,0.014668752458526,0.0708758720000834,0.0680992027459855,0.026360947751637,0.0867361493877529,0.0787372014850942,0.0258932910518526,0.029325817905608,0.0749606412789969,25
"81",1993,"EECA",0.023956852736675,0.0753845285706616,0.0413601701601203,0.0348446513272259,0.0970115982598843,0.129599887766181,0.0175852387217999,0.164198950411332,0.0171303681570479,0.119147219264109,0.0201233206243982,0.0198358140108722,0.150614352486716,0.00454555189611862,0.0846614956068584,16
"82",1993,"LA",0.0803282475944953,0.0439317111141655,0.0119846164941292,0.0172728153040156,0.0346352354725519,0.00500923949279478,0.279080263181953,0.269329331483783,0.0906883154087572,0.0163526991517588,0.025778538726061,0.0181105936006876,0.0558321966388617,0.0240321742958056,0.0276340220401803,7
"83",1993,"MENA",0.0132160520460184,0.179404815839788,0.0587891315076935,0.0696364179704866,0.133247158351384,0.331503110017057,0.0187995788426279,0.0200745507523779,0.0420084888408067,0.035347198123811,0.0456445565189651,0.00180175138308239,0.0251843857688511,0.0110989697632804,0.0142438342737693,4
"84",1993,"West",0.0531655595119488,0.0998277382756887,0.0351645263626347,0.0172625273950406,0.0459727441215181,0.0649428278638199,0.194370587077916,0.0982460685576875,0.0122773824863231,0.0574730596122424,0.0501906996822321,0.0427831737139486,0.0293211956232339,0.0463555527007239,0.152646357015041,25
"85",1994,"Africa",0.0335101944879246,0.101005958268967,0.116019459134155,0.0645111576561599,0.101948891516972,0.111798003184098,0.0212023999888346,0.118711566107561,0.0548337729155141,0.0580471122949846,0.0317198653369067,0.0122061308083998,0.0379949984991822,0.0410204625507026,0.0954700272496376,9
"86",1994,"Asia",0.0904747162780932,0.112305295114883,0.0838492641244083,0.0501161636623599,0.0610130165699969,0.0382137484756614,0.0222851713047136,0.132112207901465,0.0190491197780084,0.134722317795722,0.0186932066511139,0.0880589995288125,0.042034194294915,0.0387840013973545,0.0682885771224921,29
"87",1994,"EECA",0.0338863142985863,0.0573901326198839,0.0504299238707356,0.0883405330849286,0.0992193020192554,0.155453321924148,0.0195589455359892,0.0560593196128446,0.0215089293140787,0.154131981284982,0.0839574336210363,0.00537604288511097,0.0940807403655963,0.00669747185527078,0.0739096077075535,8
"88",1994,"LA",0.143677249972301,0.1858125131686,0.112780041987226,0.00392234698453472,0.0409984421381778,0.00301217304644202,0.00486236858017848,0.294937322317884,0.0160944641565808,0.148481177237983,0.0011221204704328,0.00097820208552917,0.00369145586774764,0.00133500428071528,0.0382951177056677,3
"89",1994,"MENA",0.0485625944774561,0.237352120481594,0.0376301628393284,0.128690151146869,0.0903269672259185,0.0246422911885114,0.00685326193456129,0.0635050618127997,0.00687709539857551,0.0590590810081063,0.0105604877948673,0.0150880857719723,0.116247513121363,0.0192866579411942,0.135318467856883,11
"90",1994,"West",0.0263722141366339,0.0663281817692588,0.0502842101767478,0.0433138631384419,0.0691918838989952,0.0388856457883359,0.180832920485193,0.0484272157784976,0.0149185054927898,0.0402109365426695,0.101541089077799,0.113157636497009,0.0308481713214241,0.0817034106225757,0.0939841152736291,43
"91",1995,"Africa",0.0492062585645958,0.126930190194091,0.263794747060324,0.0449794633930947,0.0654227582200577,0.0390534564505812,0.0635481430543903,0.113780103884317,0.0206151209557887,0.0668556096949912,0.00341020525797478,0.00215112616250213,0.100965311827325,0.00277135306241165,0.0365161522175537,4
"92",1995,"Asia",0.0590119372047919,0.122360919958021,0.0328610873916904,0.0381901050117216,0.095143832487868,0.0312865957778316,0.019976533303249,0.0909887793808025,0.0326226690640188,0.0583151563643338,0.00955038344012765,0.0426315907403837,0.0327633856077112,0.0159188021978076,0.318378222069641,74
"93",1995,"EECA",0.0538743774892011,0.043902815052913,0.0294295427923394,0.033290480998993,0.0611240377122946,0.0894235174608457,0.0811616698211617,0.106608169513923,0.0268461276167687,0.0612330040477355,0.109265186391748,0.0319012994435767,0.133121302307811,0.0737930760115001,0.0650253933391879,15
"94",1995,"LA",0.115541394361612,0.107627551795847,0.054822765804992,0.0396139846717134,0.0411275428974767,0.0506811287353161,0.00556772082748684,0.107072439458632,0.0850896093744558,0.0470123689348552,0.0572036267529014,0.0132274881955427,0.0441050041614174,0.00803165617942834,0.223275717848323,7
"95",1995,"MENA",0.022099849064976,0.18977546066901,0.0397509407209087,0.165895378971313,0.0733078123307134,0.0503590650369542,0.0107006483242719,0.0561804423582585,0.0068693143495621,0.0689167616739546,0.00625162636487524,0.00197381749630719,0.17993162349827,0.0256866814906688,0.102300577649957,18
"96",1995,"West",0.0594735555375563,0.109810121552826,0.0392382941715797,0.0872596956654833,0.0843904348585476,0.0884072344969852,0.150445277871292,0.0439766825205152,0.0202108782020117,0.0485203213717136,0.055881433786832,0.077933344029507,0.0161797214435476,0.0461207536465643,0.0721522508450394,30
"97",1996,"Africa",0.0098967595527897,0.135436976090739,0.182601975346359,0.0137634747258314,0.078648940460789,0.00744685799606252,0.0107229836354985,0.0756893511213648,0.00845731867955921,0.332753397903342,0.00175122164550076,0.0642798769002649,0.0140338723313077,0.00349299280544257,0.0610240008051494,14
"98",1996,"Asia",0.0910444151746151,0.0987069589577531,0.0905153548308856,0.0136867165906954,0.122490578259147,0.0189128496345025,0.0366115452326014,0.101163144193109,0.0784236569911495,0.0887231513082645,0.0313504956999898,0.0903186208700053,0.013352046862666,0.0155186170330513,0.109181848361565,29
"99",1996,"EECA",0.11532932422778,0.0118255489025835,0.0454127781552109,0.019773166718772,0.0551903606343568,0.0296513750194925,0.0227896482519031,0.18137085184562,0.0917324326643668,0.0410497658939909,0.040216999615201,0.0430786543927034,0.190653121517736,0.0233163451474011,0.0886096270128824,6
"100",1996,"LA",0.0352353964376042,0.0837163755715287,0.06217025496811,0.0623713860822669,0.153289697194265,0.00814127546224123,0.172304646880794,0.223307660604235,0.0314211719846972,0.0253817894178522,0.0023410999958471,0.0037530511447313,0.0367308580056798,0.00451138929062948,0.0953239469595176,5
"101",1996,"MENA",0.0262847362688853,0.245191442712122,0.055540596140491,0.116595485623933,0.111107471800625,0.0236450332812637,0.00603057224290897,0.0559435986277522,0.0235150638740513,0.0475785528482042,0.0214143274602429,0.0546515237464109,0.0675944256609708,0.0317014556098753,0.113205714102264,13
"102",1996,"West",0.0225030448229746,0.0521395792880715,0.0750424438126632,0.0221502076878269,0.126455174642648,0.0736480074069698,0.0634294252035525,0.0389765435702798,0.0340643853266245,0.0576438144541122,0.0864200171530375,0.203217530660695,0.0171528879407635,0.100761240706786,0.0263956973229957,23
"103",1997,"Africa",0.00855547717320576,0.0304610840938976,0.00683469315941802,0.00385679190578476,0.0243652590768444,0.00151031631473205,0.365015146968362,0.16876385204031,0.00224536658641442,0.00803360130853651,0.0128079669888373,0.315868672380853,0.00337725325584604,0.00114777032663219,0.0471567484203262,3
"104",1997,"Asia",0.23626309599996,0.106779059952148,0.130806952593137,0.0077825519969031,0.0946163140447148,0.012992580374242,0.0731416188484725,0.0604030543334277,0.0246602357207552,0.0684926196302817,0.00387444873464602,0.0686820056587157,0.0235651451821298,0.0157568001833754,0.0721835167470911,15
"105",1997,"EECA",0.0302405829695784,0.0742450849282932,0.0281628623431127,0.0486107686057787,0.0505254590559467,0.060746037468876,0.00198655830930542,0.127607915879588,0.0176375666212308,0.132552854725651,0.0793126588968343,0.112746599462688,0.0153314591604823,0.00329023171147299,0.217003359861162,3
"106",1997,"MENA",0.00817848005806199,0.159572901690737,0.0784876013606462,0.117594107556187,0.0441741257706217,0.0065672256166755,0.027580497216614,0.12356209419366,0.0200307162607376,0.113075098851467,0.0017771482753827,0.00895591749468519,0.133582116475287,0.0111885500769981,0.145673419102239,17
"107",1997,"West",0.0710268788947243,0.0948178633544722,0.0364604010931131,0.0207544199997203,0.110258933289805,0.0834567087406219,0.064662943901175,0.0789870686294034,0.0637724622420232,0.0326667779982246,0.0878102411581615,0.156153710338719,0.00449476510072177,0.0189456951558993,0.0757311301032154,16
"108",1998,"Africa",0.0228174067229944,0.0804645998794168,0.0996111184574924,0.0429877857758563,0.130292327561771,0.017295290618466,0.0179335214053384,0.0939151929466459,0.0543803088992528,0.162149642399886,0.0282702084986021,0.0887710020186103,0.0665331845218071,0.0207909686759215,0.0737874416179386,13
"109",1998,"Asia",0.129138673098828,0.115539507832851,0.0838166540851075,0.0165356806037207,0.077284511267437,0.0437439114742462,0.0579143009685173,0.141066390001763,0.0299950082908582,0.120026918070144,0.00588294218167078,0.0402996757737096,0.0486583452240426,0.0106749589516129,0.0794225221754899,24
"110",1998,"EECA",0.103722469797816,0.0364016152203041,0.0495779013860639,0.00930208518513785,0.109406149384733,0.0519683549666841,0.0178572743595466,0.121999823804329,0.0917448531673507,0.109495895713107,0.0122612743488706,0.126956813848741,0.05127084436177,0.00809282610859945,0.0999418183469471,8
"111",1998,"LA",0.122808558537777,0.0627376747215211,0.081516552200372,0.021554516726702,0.0598393574959621,0.0335418607897631,0.0199403625290073,0.0984022619385404,0.0323496343510613,0.179955346333008,0.00825223213305964,0.138799018444364,0.0234273296373444,0.0115102863844515,0.105365007777066,16
"112",1998,"MENA",0.0257380036755638,0.196360527910998,0.0796075957983538,0.0865400565746979,0.11662505579927,0.019969516393936,0.019426190743255,0.0773712993998266,0.0390762037866496,0.0925760731090843,0.00537143465632218,0.056136845997951,0.080320186116609,0.0258033653064949,0.0790776447309878,17
"113",1998,"West",0.0688512054010829,0.0630026219351762,0.026617765235044,0.0119780059006622,0.0734593791072343,0.18478967896668,0.110829968533824,0.0114555093341891,0.0138265417864509,0.0422134338884847,0.0986698174454587,0.171904160488201,0.0108996650973049,0.0503120755972352,0.0611901712829721,38
"114",1999,"Africa",0.0146889442783978,0.0986453343822895,0.126032493594682,0.0335298749541758,0.17140515779538,0.00600350379853508,0.130308308756478,0.0935622721408843,0.0304673215886763,0.133158072117201,0.00398115847710592,0.00594502883373357,0.0873660352028125,0.0184732880647277,0.0464332060149204,10
"115",1999,"Asia",0.12095203808226,0.117738452362431,0.0816232115002801,0.01952785036064,0.100098957713597,0.0416089563527816,0.0704535402649498,0.122150459163516,0.0741981131482227,0.0399106766310947,0.0133293044920522,0.043696090190841,0.0285430525270363,0.0241925940905711,0.101976703119726,32
"116",1999,"EECA",0.0586281208641723,0.0222111189368624,0.0905178292202067,0.0471240778231918,0.0762583997703991,0.0129165927090889,0.0555335811744518,0.152376395552544,0.0453729669220852,0.0583452680922655,0.0232401434397315,0.0468541846862431,0.186450082657647,0.0160197236692081,0.108151514481902,12
"117",1999,"LA",0.0673250491176182,0.0479950227787447,0.0507366311465867,0.00543107295260385,0.0832900769416305,0.0168331548501394,0.0206733841793792,0.163402432755185,0.0257797146438382,0.106981007328487,0.0212660226921412,0.115079046300583,0.0251983765326976,0.0545288119141053,0.195480195866261,10
"118",1999,"MENA",0.0377189059283381,0.128579183723576,0.0722395332545037,0.127381322132833,0.0700081823440197,0.0518823771951096,0.00534414104345394,0.0334495577584684,0.0215992755800146,0.0442999620269542,0.0253145590283675,0.00286310425864917,0.0646426321781158,0.00493141079015197,0.309745852757444,16
"119",1999,"West",0.0587496241221972,0.0813816817451157,0.0211347509734097,0.0078581890565705,0.0924541112168663,0.0817971287907766,0.159967757459506,0.0138333179205012,0.0454642392949018,0.0238546839080767,0.00962213902513693,0.307066468250774,0.00631441818203186,0.0191736036159303,0.0713278864382045,25
"120",2000,"Africa",0.0195964908028597,0.0859748267944362,0.0535286451867965,0.0272890899549033,0.0872832852923085,0.00316069901052615,0.256978040366734,0.171390754921628,0.00646188301255184,0.0674168011974257,0.0284153307311316,0.00237993126873154,0.059301247064661,0.00283252724959452,0.127990447145711,15
"121",2000,"Asia",0.117228527221842,0.14264881164052,0.0757040644432424,0.0173425145370348,0.0801914080516055,0.0307836571273923,0.0151873279016685,0.121886560950592,0.0473842014733191,0.0755552083649556,0.0119618171440222,0.0518766936469362,0.0214872646860042,0.0394822214395591,0.151279721371306,31
"122",2000,"EECA",0.093173492089551,0.0991413463169947,0.0471848764360041,0.0224658689730751,0.112098429222597,0.109873402568431,0.00342564387804605,0.0434529356686164,0.0653980030992473,0.14863609300568,0.0272161720797961,0.0120429199475681,0.058157289825606,0.0165355793350734,0.141197947553715,10
"123",2000,"LA",0.0711176067901977,0.05987888487637,0.0590767811847388,0.00932452487687113,0.0891860240917992,0.0204111935614653,0.0491700389103964,0.0672278550833289,0.0697359196025677,0.0575489612211449,0.0781281726106258,0.0791688456784322,0.022572326555144,0.0944131850120226,0.173039679944896,13
"124",2000,"MENA",0.0361655357545834,0.24774639465855,0.0532340400856527,0.109790551584453,0.0881206854447564,0.0201217664544619,0.0173118540918371,0.0651674101254874,0.0178067501938625,0.0537837167497308,0.0146876706722812,0.00815564255405999,0.0543470483819249,0.0482849169572006,0.165276016291158,36
"125",2000,"West",0.0775854111756984,0.0456354518356386,0.0493090899704477,0.00780654954912428,0.0893257981132044,0.0591460271470947,0.0576620670985458,0.0256764333178877,0.0152590217242016,0.0532218195457207,0.0544695245282398,0.306325056966711,0.0498049284880077,0.0312827743450154,0.0774900461944627,49
"126",2001,"Africa",0.0186416483937415,0.054611943639338,0.104690999496683,0.00833562019486859,0.0966149228791927,0.0265452775580517,0.253733820924133,0.257047745672757,0.0304113134105103,0.0677999381023179,0.00481514040032824,0.00177742282343995,0.0105709003026786,0.0296407857298336,0.0347625204721256,14
"127",2001,"Asia",0.159597591816656,0.0962980652143534,0.101173310508905,0.0402785187481263,0.107721053859794,0.0478805874051647,0.0519979443116245,0.0712797759532682,0.0533415712749248,0.0716089143974719,0.0426683452091114,0.0527813862577837,0.0125574290383659,0.0552834479287223,0.0355320580757292,39
"128",2001,"EECA",0.0145934266550237,0.0523755086987771,0.0303418617013929,0.0850558438506724,0.120490048226767,0.0389351972812182,0.00319401816928044,0.00919064180529756,0.0858657726711574,0.31810868674333,0.0369478263787231,0.0774065905796466,0.0731386906183876,0.0389761267504369,0.0153797598698887,9
"129",2001,"LA",0.0225687631543768,0.115152287609008,0.0522807579417385,0.0528678662245257,0.216694171151305,0.0889606550840077,0.0131355163858646,0.022452524416575,0.117709927049382,0.0574904519488915,0.0804889618961997,0.00971692526689637,0.0644294215383614,0.0114422327439169,0.074609537588951,9
"130",2001,"MENA",0.046219283546278,0.167835331397456,0.0674072255567951,0.0900558133184557,0.126496366855397,0.0234892352458192,0.00802724570407056,0.0841422468120187,0.0352570712746876,0.0804256104918271,0.0381529082041601,0.010452215578492,0.0948773574647102,0.0269052384299065,0.100256850119926,35
"131",2001,"West",0.0398186117329925,0.09606903964691,0.0381818997106545,0.0212700628398087,0.131758778070102,0.0775250456230668,0.156046802124946,0.0489067082027108,0.0776742894861274,0.0442197842741648,0.0302300214912446,0.112830578816349,0.0366775966720517,0.010719780564777,0.078071000744094,36
"132",2002,"Africa",0.0546813248116291,0.056029785798582,0.119029966574356,0.0120184182805582,0.0807480350385999,0.0133118114294818,0.197518802434867,0.210386899289024,0.0351026248269645,0.0731696682641493,0.0116649444508819,0.00335890411168453,0.0349914134630486,0.00989318083006772,0.0880942203961046,23
